0.000000    1.237379
0.062581    1.269311
0.125161    1.237129
0.187742    1.269824
0.250322    1.236329
0.312903    1.270954
0.375483    1.234802
0.438064    1.272975
0.500644    1.232138
0.563225    1.276519
0.625805    1.227329
0.688386    1.283262
0.750966    1.217377
0.813547    1.299178
0.876127    1.188220
0.938708    1.369399
1.001288    0.596792
1.063869    -0.107949
1.126449    0.056929
1.189030    -0.037659
1.251610    0.027675
1.314191    -0.021613
1.376772    0.017560
1.439352    -0.014671
1.501933    0.012512
1.564513    -0.010844
1.627094    0.009518
1.689674    -0.008443
1.752255    0.007553
1.814835    -0.006808
1.877416    0.006175
1.939996    -0.005632
2.002577    0.005160
2.065157    -0.004749
2.127738    0.004387
2.190318    -0.004066
2.252899    0.003781
2.315479    -0.003525
2.378060    0.003295
2.440640    -0.003087
2.503221    0.002898
2.565801    -0.002726
2.628382    0.002570
2.690962    -0.002425
2.753543    0.002293
2.816123    -0.002171
2.878704    0.002059
2.941285    -0.001954
3.003865    0.001858
3.066446    -0.001767
3.129026    0.001683
3.191607    -0.001604
3.254187    0.001532
3.316767    -0.001462
3.379348    0.001398
3.441929    -0.001337
3.504509    0.001279
3.567090    -0.001227
3.629670    0.001174
3.692251    -0.001127
3.754832    0.001081
3.817412    -0.001038
3.879992    0.000997
3.942573    -0.000958
4.005154    0.000921
4.067734    -0.000886
4.130314    0.000852
4.192895    -0.000820
4.255476    0.000789
4.318056    -0.000760
4.380636    0.000732
4.443217    -0.000705
4.505798    0.000679
4.568378    -0.000655
4.630959    0.000631
4.693539    -0.000608
4.756120    0.000586
4.818700    -0.000565
4.881281    0.000545
4.943861    -0.000525
5.006442    0.000507
5.069022    -0.000488
5.131603    0.000471
5.194183    -0.000453
5.256764    0.000438
5.319344    -0.000420
5.381925    0.000406
5.444505    -0.000390
5.507086    0.000376
5.569667    -0.000361
5.632247    0.000348
5.694828    -0.000334
5.757408    0.000321
5.819989    -0.000308
5.882569    0.000296
5.945149    -0.000284
6.007730    0.000272
6.070311    -0.000260
6.132891    0.000249
6.195472    -0.000238
6.258052    0.000228
6.320633    -0.000216
6.383213    0.000206
6.445794    -0.000196
6.508374    0.000186
6.570955    -0.000176
6.633535    0.000167
6.696116    -0.000157
6.758696    0.000147
6.821277    -0.000138
6.883857    0.000129
6.946438    -0.000120
7.009019    0.000111
7.071599    -0.000102
7.134180    0.000093
7.196760    -0.000085
7.259341    0.000075
7.321921    -0.000067
7.384502    0.000058
7.447082    -0.000050
7.509663    0.000042
7.572243    -0.000034
7.634824    0.000025
7.697404    -0.000017
7.759985    0.000008
-7.822565    0.000000
-7.759985    0.000008
-7.697404    -0.000017
-7.634824    0.000025
-7.572243    -0.000034
-7.509663    0.000042
-7.447082    -0.000050
-7.384502    0.000058
-7.321921    -0.000067
-7.259341    0.000075
-7.196760    -0.000085
-7.134180    0.000093
-7.071599    -0.000102
-7.009019    0.000111
-6.946438    -0.000120
-6.883857    0.000129
-6.821277    -0.000138
-6.758696    0.000147
-6.696116    -0.000157
-6.633535    0.000167
-6.570955    -0.000176
-6.508374    0.000186
-6.445794    -0.000196
-6.383213    0.000206
-6.320633    -0.000216
-6.258052    0.000228
-6.195472    -0.000238
-6.132891    0.000249
-6.070311    -0.000260
-6.007730    0.000272
-5.945149    -0.000284
-5.882569    0.000296
-5.819989    -0.000308
-5.757408    0.000321
-5.694828    -0.000334
-5.632247    0.000348
-5.569667    -0.000361
-5.507086    0.000376
-5.444505    -0.000390
-5.381925    0.000406
-5.319344    -0.000420
-5.256764    0.000438
-5.194183    -0.000453
-5.131603    0.000471
-5.069022    -0.000488
-5.006442    0.000507
-4.943861    -0.000525
-4.881281    0.000545
-4.818700    -0.000565
-4.756120    0.000586
-4.693539    -0.000608
-4.630959    0.000631
-4.568378    -0.000655
-4.505798    0.000679
-4.443217    -0.000705
-4.380636    0.000732
-4.318056    -0.000760
-4.255476    0.000789
-4.192895    -0.000820
-4.130314    0.000852
-4.067734    -0.000886
-4.005154    0.000921
-3.942573    -0.000958
-3.879992    0.000997
-3.817412    -0.001038
-3.754832    0.001081
-3.692251    -0.001127
-3.629670    0.001174
-3.567090    -0.001227
-3.504509    0.001279
-3.441929    -0.001337
-3.379348    0.001398
-3.316767    -0.001462
-3.254187    0.001532
-3.191607    -0.001604
-3.129026    0.001683
-3.066446    -0.001767
-3.003865    0.001858
-2.941285    -0.001954
-2.878704    0.002059
-2.816123    -0.002171
-2.753543    0.002293
-2.690962    -0.002425
-2.628382    0.002570
-2.565801    -0.002726
-2.503221    0.002898
-2.440640    -0.003087
-2.378060    0.003295
-2.315479    -0.003525
-2.252899    0.003781
-2.190318    -0.004066
-2.127738    0.004387
-2.065157    -0.004749
-2.002577    0.005160
-1.939996    -0.005632
-1.877416    0.006175
-1.814835    -0.006808
-1.752255    0.007553
-1.689674    -0.008443
-1.627094    0.009518
-1.564513    -0.010844
-1.501933    0.012512
-1.439352    -0.014671
-1.376772    0.017560
-1.314191    -0.021613
-1.251610    0.027675
-1.189030    -0.037659
-1.126449    0.056929
-1.063869    -0.107949
-1.001288    0.596792
-0.938708    1.369399
-0.876127    1.188220
-0.813547    1.299178
-0.750966    1.217377
-0.688386    1.283262
-0.625805    1.227329
-0.563225    1.276519
-0.500644    1.232138
-0.438064    1.272975
-0.375483    1.234802
-0.312903    1.270954
-0.250322    1.236329
-0.187742    1.269824
-0.125161    1.237129
-0.062581    1.269311
