0.000000    1.254247
0.006277    1.252381
0.012554    1.254247
0.018831    1.252381
0.025108    1.254248
0.031385    1.252380
0.037662    1.254248
0.043939    1.252379
0.050216    1.254249
0.056493    1.252378
0.062770    1.254251
0.069048    1.252377
0.075325    1.254252
0.081602    1.252375
0.087879    1.254254
0.094156    1.252373
0.100433    1.254256
0.106710    1.252371
0.112987    1.254259
0.119264    1.252368
0.125541    1.254262
0.131818    1.252365
0.138095    1.254265
0.144372    1.252362
0.150649    1.254268
0.156926    1.252358
0.163203    1.254272
0.169480    1.252354
0.175757    1.254276
0.182034    1.252350
0.188311    1.254280
0.194589    1.252345
0.200866    1.254285
0.207143    1.252341
0.213420    1.254290
0.219697    1.252335
0.225974    1.254296
0.232251    1.252329
0.238528    1.254302
0.244805    1.252323
0.251082    1.254308
0.257359    1.252317
0.263636    1.254315
0.269913    1.252310
0.276190    1.254322
0.282467    1.252303
0.288744    1.254330
0.295021    1.252295
0.301298    1.254338
0.307575    1.252287
0.313852    1.254346
0.320130    1.252278
0.326407    1.254355
0.332684    1.252268
0.338961    1.254365
0.345238    1.252259
0.351515    1.254375
0.357792    1.252248
0.364069    1.254386
0.370346    1.252237
0.376623    1.254397
0.382900    1.252226
0.389177    1.254409
0.395454    1.252213
0.401731    1.254421
0.408008    1.252200
0.414285    1.254435
0.420562    1.252187
0.426839    1.254449
0.433116    1.252172
0.439393    1.254464
0.445671    1.252157
0.451948    1.254480
0.458225    1.252140
0.464502    1.254496
0.470779    1.252123
0.477056    1.254514
0.483333    1.252105
0.489610    1.254533
0.495887    1.252086
0.502164    1.254553
0.508441    1.252065
0.514718    1.254574
0.520995    1.252044
0.527272    1.254596
0.533549    1.252020
0.539826    1.254620
0.546103    1.251996
0.552380    1.254645
0.558657    1.251970
0.564934    1.254672
0.571211    1.251942
0.577489    1.254701
0.583766    1.251912
0.590043    1.254731
0.596320    1.251881
0.602597    1.254764
0.608874    1.251847
0.615151    1.254799
0.621428    1.251810
0.627705    1.254837
0.633982    1.251771
0.640259    1.254878
0.646536    1.251729
0.652813    1.254921
0.659090    1.251684
0.665367    1.254968
0.671644    1.251635
0.677921    1.255019
0.684198    1.251582
0.690475    1.255075
0.696752    1.251524
0.703030    1.255135
0.709307    1.251461
0.715584    1.255201
0.721861    1.251392
0.728138    1.255273
0.734415    1.251316
0.740692    1.255353
0.746969    1.251233
0.753246    1.255441
0.759523    1.251140
0.765800    1.255538
0.772077    1.251037
0.778354    1.255647
0.784631    1.250921
0.790908    1.255770
0.797185    1.250791
0.803462    1.255909
0.809739    1.250643
0.816016    1.256067
0.822293    1.250473
0.828571    1.256249
0.834848    1.250277
0.841125    1.256461
0.847402    1.250048
0.853679    1.256710
0.859956    1.249777
0.866233    1.257006
0.872510    1.249451
0.878787    1.257367
0.885064    1.249051
0.891341    1.257812
0.897618    1.248551
0.903895    1.258378
0.910172    1.247907
0.916449    1.259119
0.922726    1.247046
0.929003    1.260132
0.935280    1.245837
0.941557    1.261598
0.947834    1.244021
0.954112    1.263906
0.960389    1.240990
0.966666    1.268060
0.972943    1.234951
0.979220    1.277635
0.985497    1.217495
0.991774    1.319212
0.998051    0.995574
1.004328    -0.041270
1.010605    0.029530
1.016882    -0.021253
1.023159    0.016411
1.029436    -0.013307
1.035713    0.011164
1.041990    -0.009600
1.048267    0.008410
1.054544    -0.007475
1.060821    0.006721
1.067098    -0.006101
1.073375    0.005582
1.079652    -0.005142
1.085930    0.004763
1.092207    -0.004434
1.098484    0.004145
1.104761    -0.003890
1.111038    0.003663
1.117315    -0.003460
1.123592    0.003277
1.129869    -0.003111
1.136146    0.002960
1.142423    -0.002822
1.148700    0.002696
1.154977    -0.002579
1.161254    0.002472
1.167531    -0.002373
1.173808    0.002280
1.180085    -0.002194
1.186362    0.002114
1.192639    -0.002039
1.198916    0.001968
1.205193    -0.001902
1.211471    0.001840
1.217748    -0.001781
1.224025    0.001726
1.230302    -0.001673
1.236579    0.001624
1.242856    -0.001576
1.249133    0.001532
1.255410    -0.001489
1.261687    0.001449
1.267964    -0.001410
1.274241    0.001373
1.280518    -0.001338
1.286795    0.001304
1.293072    -0.001272
1.299349    0.001241
1.305626    -0.001212
1.311903    0.001183
1.318180    -0.001156
1.324457    0.001130
1.330734    -0.001105
1.337012    0.001080
1.343289    -0.001057
1.349566    0.001034
1.355843    -0.001013
1.362120    0.000992
1.368397    -0.000971
1.374674    0.000952
1.380951    -0.000933
1.387228    0.000915
1.393505    -0.000897
1.399782    0.000880
1.406059    -0.000863
1.412336    0.000847
1.418613    -0.000831
1.424890    0.000816
1.431167    -0.000802
1.437444    0.000787
1.443721    -0.000773
1.449998    0.000760
1.456275    -0.000747
1.462553    0.000734
1.468830    -0.000722
1.475107    0.000710
1.481384    -0.000698
1.487661    0.000687
1.493938    -0.000676
1.500215    0.000665
1.506492    -0.000654
1.512769    0.000644
1.519046    -0.000634
1.525323    0.000624
1.531600    -0.000614
1.537877    0.000605
1.544154    -0.000596
1.550431    0.000587
1.556708    -0.000578
1.562985    0.000570
1.569262    -0.000561
1.575539    0.000553
1.581816    -0.000545
1.588093    0.000538
1.594371    -0.000530
1.600648    0.000523
1.606925    -0.000515
1.613202    0.000508
1.619479    -0.000501
1.625756    0.000494
1.632033    -0.000488
1.638310    0.000481
1.644587    -0.000475
1.650864    0.000468
1.657141    -0.000462
1.663418    0.000456
1.669695    -0.000450
1.675972    0.000444
1.682249    -0.000438
1.688526    0.000433
1.694803    -0.000427
1.701080    0.000422
1.707357    -0.000417
1.713634    0.000411
1.719912    -0.000406
1.726189    0.000401
1.732466    -0.000396
1.738743    0.000391
1.745020    -0.000387
1.751297    0.000382
1.757574    -0.000377
1.763851    0.000373
1.770128    -0.000368
1.776405    0.000364
1.782682    -0.000360
1.788959    0.000355
1.795236    -0.000351
1.801513    0.000347
1.807790    -0.000343
1.814067    0.000339
1.820344    -0.000335
1.826621    0.000331
1.832898    -0.000328
1.839175    0.000324
1.845453    -0.000320
1.851730    0.000317
1.858007    -0.000313
1.864284    0.000309
1.870561    -0.000306
1.876838    0.000303
1.883115    -0.000299
1.889392    0.000296
1.895669    -0.000293
1.901946    0.000289
1.908223    -0.000286
1.914500    0.000283
1.920777    -0.000280
1.927054    0.000277
1.933331    -0.000274
1.939608    0.000271
1.945885    -0.000268
1.952162    0.000265
1.958439    -0.000262
1.964716    0.000259
1.970994    -0.000257
1.977271    0.000254
1.983548    -0.000251
1.989825    0.000249
1.996102    -0.000246
2.002379    0.000243
2.008656    -0.000241
2.014933    0.000238
2.021210    -0.000236
2.027487    0.000233
2.033764    -0.000231
2.040041    0.000228
2.046318    -0.000226
2.052595    0.000224
2.058872    -0.000221
2.065149    0.000219
2.071426    -0.000217
2.077703    0.000215
2.083980    -0.000212
2.090257    0.000210
2.096534    -0.000208
2.102812    0.000206
2.109089    -0.000204
2.115366    0.000202
2.121643    -0.000199
2.127920    0.000197
2.134197    -0.000195
2.140474    0.000193
2.146751    -0.000191
2.153028    0.000189
2.159305    -0.000187
2.165582    0.000186
2.171859    -0.000184
2.178136    0.000182
2.184413    -0.000180
2.190690    0.000178
2.196967    -0.000176
2.203244    0.000174
2.209521    -0.000173
2.215798    0.000171
2.222075    -0.000169
2.228353    0.000167
2.234630    -0.000166
2.240907    0.000164
2.247184    -0.000162
2.253461    0.000161
2.259738    -0.000159
2.266015    0.000157
2.272292    -0.000156
2.278569    0.000154
2.284846    -0.000152
2.291123    0.000151
2.297400    -0.000149
2.303677    0.000148
2.309954    -0.000146
2.316231    0.000145
2.322508    -0.000143
2.328785    0.000142
2.335062    -0.000140
2.341339    0.000139
2.347616    -0.000137
2.353894    0.000136
2.360171    -0.000134
2.366448    0.000133
2.372725    -0.000132
2.379002    0.000130
2.385279    -0.000129
2.391556    0.000128
2.397833    -0.000126
2.404110    0.000125
2.410387    -0.000123
2.416664    0.000122
2.422941    -0.000121
2.429218    0.000119
2.435495    -0.000118
2.441772    0.000117
2.448049    -0.000116
2.454326    0.000114
2.460603    -0.000113
2.466880    0.000112
2.473157    -0.000111
2.479435    0.000109
2.485712    -0.000108
2.491989    0.000107
2.498266    -0.000106
2.504543    0.000105
2.510820    -0.000103
2.517097    0.000102
2.523374    -0.000101
2.529651    0.000100
2.535928    -0.000099
2.542205    0.000097
2.548482    -0.000096
2.554759    0.000095
2.561036    -0.000094
2.567313    0.000093
2.573590    -0.000092
2.579867    0.000091
2.586144    -0.000090
2.592421    0.000089
2.598698    -0.000087
2.604975    0.000086
2.611253    -0.000085
2.617530    0.000084
2.623807    -0.000083
2.630084    0.000082
2.636361    -0.000081
2.642638    0.000080
2.648915    -0.000079
2.655192    0.000078
2.661469    -0.000077
2.667746    0.000076
2.674023    -0.000075
2.680300    0.000074
2.686577    -0.000073
2.692854    0.000072
2.699131    -0.000071
2.705408    0.000070
2.711685    -0.000069
2.717962    0.000068
2.724239    -0.000067
2.730516    0.000066
2.736794    -0.000065
2.743071    0.000064
2.749348    -0.000063
2.755625    0.000062
2.761902    -0.000061
2.768179    0.000060
2.774456    -0.000059
2.780733    0.000058
2.787010    -0.000057
2.793287    0.000057
2.799564    -0.000056
2.805841    0.000055
2.812118    -0.000054
2.818395    0.000053
2.824672    -0.000052
2.830949    0.000051
2.837226    -0.000050
2.843503    0.000049
2.849780    -0.000048
2.856057    0.000047
2.862335    -0.000047
2.868612    0.000046
2.874889    -0.000045
2.881166    0.000044
2.887443    -0.000043
2.893720    0.000042
2.899997    -0.000041
2.906274    0.000040
2.912551    -0.000040
2.918828    0.000039
2.925105    -0.000038
2.931382    0.000037
2.937659    -0.000036
2.943936    0.000035
2.950213    -0.000034
2.956490    0.000034
2.962767    -0.000033
2.969044    0.000032
2.975321    -0.000031
2.981598    0.000030
2.987876    -0.000029
2.994153    0.000029
3.000430    -0.000028
3.006707    0.000027
3.012984    -0.000026
3.019261    0.000025
3.025538    -0.000024
3.031815    0.000024
3.038092    -0.000023
3.044369    0.000022
3.050646    -0.000021
3.056923    0.000020
3.063200    -0.000019
3.069477    0.000019
3.075754    -0.000018
3.082031    0.000017
3.088308    -0.000016
3.094585    0.000015
3.100862    -0.000015
3.107139    0.000014
3.113416    -0.000013
3.119694    0.000012
3.125971    -0.000011
3.132248    0.000010
3.138525    -0.000010
3.144802    0.000009
3.151079    -0.000008
3.157356    0.000007
3.163633    -0.000006
3.169910    0.000006
3.176187    -0.000005
3.182464    0.000004
3.188741    -0.000003
3.195018    0.000002
3.201295    -0.000002
3.207572    0.000001
-3.213849    -0.000000
-3.207572    0.000001
-3.201295    -0.000002
-3.195018    0.000002
-3.188741    -0.000003
-3.182464    0.000004
-3.176187    -0.000005
-3.169910    0.000006
-3.163633    -0.000006
-3.157356    0.000007
-3.151079    -0.000008
-3.144802    0.000009
-3.138525    -0.000010
-3.132248    0.000010
-3.125971    -0.000011
-3.119694    0.000012
-3.113416    -0.000013
-3.107139    0.000014
-3.100862    -0.000015
-3.094585    0.000015
-3.088308    -0.000016
-3.082031    0.000017
-3.075754    -0.000018
-3.069477    0.000019
-3.063200    -0.000019
-3.056923    0.000020
-3.050646    -0.000021
-3.044369    0.000022
-3.038092    -0.000023
-3.031815    0.000024
-3.025538    -0.000024
-3.019261    0.000025
-3.012984    -0.000026
-3.006707    0.000027
-3.000430    -0.000028
-2.994153    0.000029
-2.987876    -0.000029
-2.981598    0.000030
-2.975321    -0.000031
-2.969044    0.000032
-2.962767    -0.000033
-2.956490    0.000034
-2.950213    -0.000034
-2.943936    0.000035
-2.937659    -0.000036
-2.931382    0.000037
-2.925105    -0.000038
-2.918828    0.000039
-2.912551    -0.000040
-2.906274    0.000040
-2.899997    -0.000041
-2.893720    0.000042
-2.887443    -0.000043
-2.881166    0.000044
-2.874889    -0.000045
-2.868612    0.000046
-2.862335    -0.000047
-2.856057    0.000047
-2.849780    -0.000048
-2.843503    0.000049
-2.837226    -0.000050
-2.830949    0.000051
-2.824672    -0.000052
-2.818395    0.000053
-2.812118    -0.000054
-2.805841    0.000055
-2.799564    -0.000056
-2.793287    0.000057
-2.787010    -0.000057
-2.780733    0.000058
-2.774456    -0.000059
-2.768179    0.000060
-2.761902    -0.000061
-2.755625    0.000062
-2.749348    -0.000063
-2.743071    0.000064
-2.736794    -0.000065
-2.730516    0.000066
-2.724239    -0.000067
-2.717962    0.000068
-2.711685    -0.000069
-2.705408    0.000070
-2.699131    -0.000071
-2.692854    0.000072
-2.686577    -0.000073
-2.680300    0.000074
-2.674023    -0.000075
-2.667746    0.000076
-2.661469    -0.000077
-2.655192    0.000078
-2.648915    -0.000079
-2.642638    0.000080
-2.636361    -0.000081
-2.630084    0.000082
-2.623807    -0.000083
-2.617530    0.000084
-2.611253    -0.000085
-2.604975    0.000086
-2.598698    -0.000087
-2.592421    0.000089
-2.586144    -0.000090
-2.579867    0.000091
-2.573590    -0.000092
-2.567313    0.000093
-2.561036    -0.000094
-2.554759    0.000095
-2.548482    -0.000096
-2.542205    0.000097
-2.535928    -0.000099
-2.529651    0.000100
-2.523374    -0.000101
-2.517097    0.000102
-2.510820    -0.000103
-2.504543    0.000105
-2.498266    -0.000106
-2.491989    0.000107
-2.485712    -0.000108
-2.479435    0.000109
-2.473157    -0.000111
-2.466880    0.000112
-2.460603    -0.000113
-2.454326    0.000114
-2.448049    -0.000116
-2.441772    0.000117
-2.435495    -0.000118
-2.429218    0.000119
-2.422941    -0.000121
-2.416664    0.000122
-2.410387    -0.000123
-2.404110    0.000125
-2.397833    -0.000126
-2.391556    0.000128
-2.385279    -0.000129
-2.379002    0.000130
-2.372725    -0.000132
-2.366448    0.000133
-2.360171    -0.000134
-2.353894    0.000136
-2.347616    -0.000137
-2.341339    0.000139
-2.335062    -0.000140
-2.328785    0.000142
-2.322508    -0.000143
-2.316231    0.000145
-2.309954    -0.000146
-2.303677    0.000148
-2.297400    -0.000149
-2.291123    0.000151
-2.284846    -0.000152
-2.278569    0.000154
-2.272292    -0.000156
-2.266015    0.000157
-2.259738    -0.000159
-2.253461    0.000161
-2.247184    -0.000162
-2.240907    0.000164
-2.234630    -0.000166
-2.228353    0.000167
-2.222075    -0.000169
-2.215798    0.000171
-2.209521    -0.000173
-2.203244    0.000174
-2.196967    -0.000176
-2.190690    0.000178
-2.184413    -0.000180
-2.178136    0.000182
-2.171859    -0.000184
-2.165582    0.000186
-2.159305    -0.000187
-2.153028    0.000189
-2.146751    -0.000191
-2.140474    0.000193
-2.134197    -0.000195
-2.127920    0.000197
-2.121643    -0.000199
-2.115366    0.000202
-2.109089    -0.000204
-2.102812    0.000206
-2.096534    -0.000208
-2.090257    0.000210
-2.083980    -0.000212
-2.077703    0.000215
-2.071426    -0.000217
-2.065149    0.000219
-2.058872    -0.000221
-2.052595    0.000224
-2.046318    -0.000226
-2.040041    0.000228
-2.033764    -0.000231
-2.027487    0.000233
-2.021210    -0.000236
-2.014933    0.000238
-2.008656    -0.000241
-2.002379    0.000243
-1.996102    -0.000246
-1.989825    0.000249
-1.983548    -0.000251
-1.977271    0.000254
-1.970994    -0.000257
-1.964716    0.000259
-1.958439    -0.000262
-1.952162    0.000265
-1.945885    -0.000268
-1.939608    0.000271
-1.933331    -0.000274
-1.927054    0.000277
-1.920777    -0.000280
-1.914500    0.000283
-1.908223    -0.000286
-1.901946    0.000289
-1.895669    -0.000293
-1.889392    0.000296
-1.883115    -0.000299
-1.876838    0.000303
-1.870561    -0.000306
-1.864284    0.000309
-1.858007    -0.000313
-1.851730    0.000317
-1.845453    -0.000320
-1.839175    0.000324
-1.832898    -0.000328
-1.826621    0.000331
-1.820344    -0.000335
-1.814067    0.000339
-1.807790    -0.000343
-1.801513    0.000347
-1.795236    -0.000351
-1.788959    0.000355
-1.782682    -0.000360
-1.776405    0.000364
-1.770128    -0.000368
-1.763851    0.000373
-1.757574    -0.000377
-1.751297    0.000382
-1.745020    -0.000387
-1.738743    0.000391
-1.732466    -0.000396
-1.726189    0.000401
-1.719912    -0.000406
-1.713634    0.000411
-1.707357    -0.000417
-1.701080    0.000422
-1.694803    -0.000427
-1.688526    0.000433
-1.682249    -0.000438
-1.675972    0.000444
-1.669695    -0.000450
-1.663418    0.000456
-1.657141    -0.000462
-1.650864    0.000468
-1.644587    -0.000475
-1.638310    0.000481
-1.632033    -0.000488
-1.625756    0.000494
-1.619479    -0.000501
-1.613202    0.000508
-1.606925    -0.000515
-1.600648    0.000523
-1.594371    -0.000530
-1.588093    0.000538
-1.581816    -0.000545
-1.575539    0.000553
-1.569262    -0.000561
-1.562985    0.000570
-1.556708    -0.000578
-1.550431    0.000587
-1.544154    -0.000596
-1.537877    0.000605
-1.531600    -0.000614
-1.525323    0.000624
-1.519046    -0.000634
-1.512769    0.000644
-1.506492    -0.000654
-1.500215    0.000665
-1.493938    -0.000676
-1.487661    0.000687
-1.481384    -0.000698
-1.475107    0.000710
-1.468830    -0.000722
-1.462553    0.000734
-1.456275    -0.000747
-1.449998    0.000760
-1.443721    -0.000773
-1.437444    0.000787
-1.431167    -0.000802
-1.424890    0.000816
-1.418613    -0.000831
-1.412336    0.000847
-1.406059    -0.000863
-1.399782    0.000880
-1.393505    -0.000897
-1.387228    0.000915
-1.380951    -0.000933
-1.374674    0.000952
-1.368397    -0.000971
-1.362120    0.000992
-1.355843    -0.001013
-1.349566    0.001034
-1.343289    -0.001057
-1.337012    0.001080
-1.330734    -0.001105
-1.324457    0.001130
-1.318180    -0.001156
-1.311903    0.001183
-1.305626    -0.001212
-1.299349    0.001241
-1.293072    -0.001272
-1.286795    0.001304
-1.280518    -0.001338
-1.274241    0.001373
-1.267964    -0.001410
-1.261687    0.001449
-1.255410    -0.001489
-1.249133    0.001532
-1.242856    -0.001576
-1.236579    0.001624
-1.230302    -0.001673
-1.224025    0.001726
-1.217748    -0.001781
-1.211471    0.001840
-1.205193    -0.001902
-1.198916    0.001968
-1.192639    -0.002039
-1.186362    0.002114
-1.180085    -0.002194
-1.173808    0.002280
-1.167531    -0.002373
-1.161254    0.002472
-1.154977    -0.002579
-1.148700    0.002696
-1.142423    -0.002822
-1.136146    0.002960
-1.129869    -0.003111
-1.123592    0.003277
-1.117315    -0.003460
-1.111038    0.003663
-1.104761    -0.003890
-1.098484    0.004145
-1.092207    -0.004434
-1.085930    0.004763
-1.079652    -0.005142
-1.073375    0.005582
-1.067098    -0.006101
-1.060821    0.006721
-1.054544    -0.007475
-1.048267    0.008410
-1.041990    -0.009600
-1.035713    0.011164
-1.029436    -0.013307
-1.023159    0.016411
-1.016882    -0.021253
-1.010605    0.029530
-1.004328    -0.041270
-0.998051    0.995574
-0.991774    1.319212
-0.985497    1.217495
-0.979220    1.277635
-0.972943    1.234951
-0.966666    1.268060
-0.960389    1.240990
-0.954112    1.263906
-0.947834    1.244021
-0.941557    1.261598
-0.935280    1.245837
-0.929003    1.260132
-0.922726    1.247046
-0.916449    1.259119
-0.910172    1.247907
-0.903895    1.258378
-0.897618    1.248551
-0.891341    1.257812
-0.885064    1.249051
-0.878787    1.257367
-0.872510    1.249451
-0.866233    1.257006
-0.859956    1.249777
-0.853679    1.256710
-0.847402    1.250048
-0.841125    1.256461
-0.834848    1.250277
-0.828571    1.256249
-0.822293    1.250473
-0.816016    1.256067
-0.809739    1.250643
-0.803462    1.255909
-0.797185    1.250791
-0.790908    1.255770
-0.784631    1.250921
-0.778354    1.255647
-0.772077    1.251037
-0.765800    1.255538
-0.759523    1.251140
-0.753246    1.255441
-0.746969    1.251233
-0.740692    1.255353
-0.734415    1.251316
-0.728138    1.255273
-0.721861    1.251392
-0.715584    1.255201
-0.709307    1.251461
-0.703030    1.255135
-0.696752    1.251524
-0.690475    1.255075
-0.684198    1.251582
-0.677921    1.255019
-0.671644    1.251635
-0.665367    1.254968
-0.659090    1.251684
-0.652813    1.254921
-0.646536    1.251729
-0.640259    1.254878
-0.633982    1.251771
-0.627705    1.254837
-0.621428    1.251810
-0.615151    1.254799
-0.608874    1.251847
-0.602597    1.254764
-0.596320    1.251881
-0.590043    1.254731
-0.583766    1.251912
-0.577489    1.254701
-0.571211    1.251942
-0.564934    1.254672
-0.558657    1.251970
-0.552380    1.254645
-0.546103    1.251996
-0.539826    1.254620
-0.533549    1.252020
-0.527272    1.254596
-0.520995    1.252044
-0.514718    1.254574
-0.508441    1.252065
-0.502164    1.254553
-0.495887    1.252086
-0.489610    1.254533
-0.483333    1.252105
-0.477056    1.254514
-0.470779    1.252123
-0.464502    1.254496
-0.458225    1.252140
-0.451948    1.254480
-0.445671    1.252157
-0.439393    1.254464
-0.433116    1.252172
-0.426839    1.254449
-0.420562    1.252187
-0.414285    1.254435
-0.408008    1.252200
-0.401731    1.254421
-0.395454    1.252213
-0.389177    1.254409
-0.382900    1.252226
-0.376623    1.254397
-0.370346    1.252237
-0.364069    1.254386
-0.357792    1.252248
-0.351515    1.254375
-0.345238    1.252259
-0.338961    1.254365
-0.332684    1.252268
-0.326407    1.254355
-0.320130    1.252278
-0.313852    1.254346
-0.307575    1.252287
-0.301298    1.254338
-0.295021    1.252295
-0.288744    1.254330
-0.282467    1.252303
-0.276190    1.254322
-0.269913    1.252310
-0.263636    1.254315
-0.257359    1.252317
-0.251082    1.254308
-0.244805    1.252323
-0.238528    1.254302
-0.232251    1.252329
-0.225974    1.254296
-0.219697    1.252335
-0.213420    1.254290
-0.207143    1.252341
-0.200866    1.254285
-0.194589    1.252345
-0.188311    1.254280
-0.182034    1.252350
-0.175757    1.254276
-0.169480    1.252354
-0.163203    1.254272
-0.156926    1.252358
-0.150649    1.254268
-0.144372    1.252362
-0.138095    1.254265
-0.131818    1.252365
-0.125541    1.254262
-0.119264    1.252368
-0.112987    1.254259
-0.106710    1.252371
-0.100433    1.254256
-0.094156    1.252373
-0.087879    1.254254
-0.081602    1.252375
-0.075325    1.254252
-0.069048    1.252377
-0.062770    1.254251
-0.056493    1.252378
-0.050216    1.254249
-0.043939    1.252379
-0.037662    1.254248
-0.031385    1.252380
-0.025108    1.254248
-0.018831    1.252381
-0.012554    1.254247
-0.006277    1.252381
