0.000000    0.707107
0.062581    0.706415
0.125161    0.704343
0.187742    0.700903
0.250322    0.696116
0.312903    0.690009
0.375483    0.682617
0.438064    0.673984
0.500644    0.664158
0.563225    0.653195
0.625805    0.641156
0.688386    0.628108
0.750966    0.614122
0.813547    0.599273
0.876127    0.583638
0.938708    0.567300
1.001288    0.550340
1.063869    0.532843
1.126449    0.514893
1.189030    0.496574
1.251610    0.477970
1.314191    0.459164
1.376772    0.440234
1.439352    0.421259
1.501933    0.402313
1.564513    0.383468
1.627094    0.364790
1.689674    0.346344
1.752255    0.328186
1.814835    0.310373
1.877416    0.292952
1.939996    0.275968
2.002577    0.259460
2.065157    0.243462
2.127738    0.228004
2.190318    0.213110
2.252899    0.198799
2.315479    0.185086
2.378060    0.171982
2.440640    0.159493
2.503221    0.147621
2.565801    0.136366
2.628382    0.125723
2.690962    0.115684
2.753543    0.106238
2.816123    0.097372
2.878704    0.089072
2.941285    0.081320
3.003865    0.074097
3.066446    0.067384
3.129026    0.061159
3.191607    0.055401
3.254187    0.050086
3.316767    0.045193
3.379348    0.040698
3.441929    0.036578
3.504509    0.032812
3.567090    0.029375
3.629670    0.026247
3.692251    0.023406
3.754832    0.020832
3.817412    0.018505
3.879992    0.016405
3.942573    0.014515
4.005154    0.012818
4.067734    0.011297
4.130314    0.009938
4.192895    0.008724
4.255476    0.007644
4.318056    0.006685
4.380636    0.005834
4.443217    0.005082
4.505798    0.004418
4.568378    0.003833
4.630959    0.003320
4.693539    0.002869
4.756120    0.002475
4.818700    0.002131
4.881281    0.001831
4.943861    0.001570
5.006442    0.001344
5.069022    0.001148
5.131603    0.000979
5.194183    0.000833
5.256764    0.000707
5.319344    0.000600
5.381925    0.000507
5.444505    0.000428
5.507086    0.000361
5.569667    0.000304
5.632247    0.000255
5.694828    0.000214
5.757408    0.000179
5.819989    0.000149
5.882569    0.000124
5.945149    0.000103
6.007730    0.000086
6.070311    0.000071
6.132891    0.000059
6.195472    0.000049
6.258052    0.000040
6.320633    0.000033
6.383213    0.000027
6.445794    0.000022
6.508374    0.000018
6.570955    0.000015
6.633535    0.000012
6.696116    0.000010
6.758696    0.000008
6.821277    0.000007
6.883857    0.000005
6.946438    0.000004
7.009019    0.000004
7.071599    0.000003
7.134180    0.000002
7.196760    0.000002
7.259341    0.000002
7.321921    0.000001
7.384502    0.000001
7.447082    0.000001
7.509663    0.000001
7.572243    0.000000
7.634824    0.000000
7.697404    0.000000
7.759985    0.000000
-7.822565    -0.000000
-7.759985    0.000000
-7.697404    0.000000
-7.634824    0.000000
-7.572243    0.000000
-7.509663    0.000001
-7.447082    0.000001
-7.384502    0.000001
-7.321921    0.000001
-7.259341    0.000002
-7.196760    0.000002
-7.134180    0.000002
-7.071599    0.000003
-7.009019    0.000004
-6.946438    0.000004
-6.883857    0.000005
-6.821277    0.000007
-6.758696    0.000008
-6.696116    0.000010
-6.633535    0.000012
-6.570955    0.000015
-6.508374    0.000018
-6.445794    0.000022
-6.383213    0.000027
-6.320633    0.000033
-6.258052    0.000040
-6.195472    0.000049
-6.132891    0.000059
-6.070311    0.000071
-6.007730    0.000086
-5.945149    0.000103
-5.882569    0.000124
-5.819989    0.000149
-5.757408    0.000179
-5.694828    0.000214
-5.632247    0.000255
-5.569667    0.000304
-5.507086    0.000361
-5.444505    0.000428
-5.381925    0.000507
-5.319344    0.000600
-5.256764    0.000707
-5.194183    0.000833
-5.131603    0.000979
-5.069022    0.001148
-5.006442    0.001344
-4.943861    0.001570
-4.881281    0.001831
-4.818700    0.002131
-4.756120    0.002475
-4.693539    0.002869
-4.630959    0.003320
-4.568378    0.003833
-4.505798    0.004418
-4.443217    0.005082
-4.380636    0.005834
-4.318056    0.006685
-4.255476    0.007644
-4.192895    0.008724
-4.130314    0.009938
-4.067734    0.011297
-4.005154    0.012818
-3.942573    0.014515
-3.879992    0.016405
-3.817412    0.018505
-3.754832    0.020832
-3.692251    0.023406
-3.629670    0.026247
-3.567090    0.029375
-3.504509    0.032812
-3.441929    0.036578
-3.379348    0.040698
-3.316767    0.045193
-3.254187    0.050086
-3.191607    0.055401
-3.129026    0.061159
-3.066446    0.067384
-3.003865    0.074097
-2.941285    0.081320
-2.878704    0.089072
-2.816123    0.097372
-2.753543    0.106238
-2.690962    0.115684
-2.628382    0.125723
-2.565801    0.136366
-2.503221    0.147621
-2.440640    0.159493
-2.378060    0.171982
-2.315479    0.185086
-2.252899    0.198799
-2.190318    0.213110
-2.127738    0.228004
-2.065157    0.243462
-2.002577    0.259460
-1.939996    0.275968
-1.877416    0.292952
-1.814835    0.310373
-1.752255    0.328186
-1.689674    0.346344
-1.627094    0.364790
-1.564513    0.383468
-1.501933    0.402313
-1.439352    0.421259
-1.376772    0.440234
-1.314191    0.459164
-1.251610    0.477970
-1.189030    0.496574
-1.126449    0.514893
-1.063869    0.532843
-1.001288    0.550340
-0.938708    0.567300
-0.876127    0.583638
-0.813547    0.599273
-0.750966    0.614122
-0.688386    0.628108
-0.625805    0.641156
-0.563225    0.653195
-0.500644    0.664158
-0.438064    0.673984
-0.375483    0.682617
-0.312903    0.690009
-0.250322    0.696116
-0.187742    0.700903
-0.125161    0.704343
-0.062581    0.706415
